0.203784	-0.113063
4.530793	0.069478
4.882693	0.558051
4.699087	0.507751
5.028303	1.197193
-1.240741	-0.821436
0.780834	1.336752
5.713536	-0.017943
0.267413	-0.237393
3.878922	-0.231208
-0.848722	-2.122005
-0.242551	-0.148771
-0.763591	-1.778540
5.443809	-1.630692
1.310698	3.378228
4.040445	1.306146
-0.206360	-1.124048
-0.121674	1.161662
1.578266	3.271436
4.742515	-0.216355
3.757011	-0.474432
5.711556	-1.225208
4.950284	-0.857168
4.416170	0.536619
4.684742	1.225124
-0.247952	0.909420
1.368355	1.895748
-0.518827	-3.445498
5.078046	0.111234
3.540800	0.040701
4.916522	-1.037731
4.381792	-0.158815
4.401857	-0.709528
4.755782	-0.730166
0.714374	1.399142
3.141713	0.389780
4.694942	0.029697
3.575488	-1.758736
5.401962	-0.743453
-1.638402	-2.783233
0.386828	1.503487
5.371500	-0.241374
2.658564	-1.859358
-0.409422	0.965224
0.397752	-1.530452
4.802786	-1.164486
6.683973	0.176427
3.817645	-1.828154
4.749604	-1.773624
4.954257	0.941136
2.306069	-2.752244
4.617658	-0.507605
1.124365	-0.570063
0.136588	-0.776024
1.350927	0.457287
-1.007270	2.211109
-0.878408	1.355427
3.675315	0.931387
1.363647	0.113655
3.285317	1.646402
1.713511	1.184541
1.424629	-1.632728
0.620156	1.265111
5.604170	-0.254952
3.920602	-1.552739
5.059517	-2.068399
3.238479	1.142132
1.508185	-2.127564
1.530632	2.365565
5.337992	1.055824
2.219375	-0.603667
4.801317	-1.190411
1.106320	0.176321
0.566542	0.211776
5.283376	-0.704592
4.740455	1.636063
3.303872	0.222095
-1.527947	-2.121521
4.646544	0.565485
1.045641	0.295666
1.102406	2.541065
6.261124	1.115997
4.803720	0.209584
4.413590	-1.516412
0.902599	-1.963362
6.845571	2.134117
4.065757	-0.454638
2.590727	2.525242
3.254354	0.158278
0.757653	-0.140499
4.849475	1.567483
3.935368	1.097299
5.422324	-1.775753
4.762758	0.049726
1.693640	1.061368
0.923896	-0.296593
5.180823	0.425030
4.022749	0.292751
3.932033	1.034140
6.276522	0.525432
4.585530	0.977109
4.948817	-0.660682
4.717244	-2.438017
4.134293	-0.685402
3.845868	0.768893
-0.142701	3.108501
5.009369	0.830944
1.846025	1.965213
-0.181132	-2.454329
1.700179	0.909464
4.613339	1.593985
5.064266	1.786008
0.330721	-0.949717
0.037183	1.737555
0.055090	-0.137122
5.034297	-0.150792
5.222725	-1.583671
4.392345	-0.588225
4.353274	-1.571502
4.965288	-0.872944
6.792275	-1.305209
2.537970	2.826053
3.174399	-1.129768
3.948448	-0.155584
5.849641	-1.372296
3.276669	-0.827970
4.732630	0.609115
0.945993	0.018904
6.126697	0.542736
2.416860	1.168355
-0.829325	0.628709
3.566929	1.016374
1.632475	0.421323
5.210745	0.036708
4.442330	0.731693
3.338192	0.179510
-2.211490	-4.506055
1.809918	-0.765571
-2.327825	-0.752142
3.705696	-2.014913
-0.456668	-1.937950
6.926583	2.304386
0.266780	1.204866
3.713434	0.428526
-1.080338	-1.710580
4.814156	0.846340
5.236487	-1.500946
5.062657	-0.538133
1.040159	0.556241
5.139532	-0.257926
3.313522	0.352865
4.137035	2.588908
5.149028	-1.266800
-3.387750	-3.057479
4.338414	1.071914
6.309154	0.202407
1.270744	2.931520
5.727791	0.442104
4.608304	0.248140
-0.870070	-0.441502
6.124714	0.294727
6.812307	0.453043
5.463086	-0.657144
4.112785	-1.033547
-0.029485	-0.125548
4.720413	-0.034305
1.604829	-2.290619
1.383144	1.341074
5.405557	0.865581
7.264392	1.703008
0.401132	-3.200682
5.820513	0.675249
0.007315	-0.156365
0.256781	1.694010
5.299437	0.457846
5.549052	1.491058
4.884004	-0.610878
4.242123	-0.690802
-0.733476	-3.147143
5.367931	-1.088739
6.511256	0.317696
4.996017	-0.981176
0.386828	1.539306
4.630861	-1.784326
4.273753	1.295343
4.278348	0.126915
6.388041	0.701676
0.613590	1.608843
3.577166	-0.979866
5.551644	-0.371379
1.007762	-0.471743
2.615874	-1.785720
5.332170	-0.755399
5.984225	2.326643
1.598927	1.270034
2.998802	-4.396725
3.962516	0.246731
5.356085	-0.428688
2.048994	2.354458
0.226439	2.235508
5.842788	0.393240
1.452380	2.545777
4.792336	-1.748479
-0.330053	-3.233891
2.004810	-2.392258
4.243377	-0.031238
4.549036	-1.189067
1.404451	0.199170
-0.215371	-2.995111
3.905488	-0.999222
4.477127	1.588341
1.337996	-3.189004
4.292205	-1.454337
1.536866	2.097584
3.655188	1.590698
-2.319828	-2.799490
1.234632	-0.149260
5.902179	-2.805645
4.715053	0.082077
4.304795	0.456152
-1.121644	-0.208091
1.445634	-0.052585
5.008273	1.376168
4.785920	0.836902
4.200438	-0.852836
4.217903	0.241096
2.494888	0.433457
3.934703	1.099306
4.676644	-0.189487
4.069112	-0.097426
4.467208	0.128907
-0.302569	-2.397522
2.840142	-1.479634
3.843598	-0.778224
4.931273	0.155374
6.204220	0.466638
3.854004	0.219245
-0.590549	-2.088126
-0.664303	2.626708
4.202645	0.090331
3.919842	-0.408751
4.426805	1.328436
4.246860	-1.105503
3.450956	1.741205
4.617494	0.120345
1.880821	2.088294
0.180455	2.251312
5.187641	-0.943391
4.444782	1.472621
3.632368	0.319985
4.059164	-1.146863
5.415980	-0.641435
-2.718662	-2.746985
4.818100	-0.786040
5.880517	-1.957400
3.745268	0.204902
-0.634446	-4.054902
1.032450	-0.814501
5.536058	0.019782
3.363888	0.213195
3.170579	-0.020013
3.882239	-1.081824
4.607021	-1.129596
-0.561280	1.223451
-2.188871	-1.772963
4.070128	-0.548944
5.592615	-0.080656
3.707752	1.502687
5.405263	0.166248
2.650184	0.755703
-0.170279	-1.160276
0.770810	1.909528
-0.047886	1.205752
4.772730	0.346331
6.395837	-0.149547
4.072855	1.351958
2.635147	-0.560619
3.997124	-0.017916
4.865737	0.152646
5.811754	0.950740
5.866899	-0.504800
5.475637	-0.653645
4.567377	0.356706
5.818172	0.225036
5.025913	-0.527415
-0.625416	-2.319081
0.288184	0.717712
4.530392	-1.230914
1.090767	1.187799
4.296526	0.993158
5.964279	0.862414
2.989110	-0.331984
5.665724	0.179414
4.374291	0.751044
4.227292	-1.468575
6.483424	-0.361563
1.534169	3.625647
4.455796	-0.790528
3.141865	-0.332851
-0.520569	-1.359818
4.774127	1.503719
0.653947	1.582496
4.018386	0.002901
-0.260229	1.887736
-1.259220	-2.363858
2.446338	-0.846295
4.466180	-0.940586
4.035053	-1.021057
5.431141	-0.388981
-1.515619	-2.119851
5.433551	-1.444499
5.736963	-0.484514
4.757837	-1.218251
6.083232	-1.632116
-2.053888	-1.887790
3.115815	-1.258593
4.714571	-0.493441
0.473608	0.461042
5.038778	-3.529223
-0.882502	-0.684299
1.468954	0.349457
-0.955259	-2.365729
0.760273	0.527138
0.741569	1.623582
6.780996	-0.016363
5.603143	0.868631
0.557049	0.038997
4.791640	-0.479186
4.560056	-1.201760
3.253204	-0.061780
1.692255	1.491005
5.372678	2.079124
-0.934028	-1.251530
0.528273	0.940908
2.612728	1.594072
-0.284376	0.912277
5.788390	-0.462782
4.026949	-0.783712
4.844636	1.162470
4.488808	0.133544
4.518550	-0.315378
1.595899	-1.085471
-0.702052	0.726355
4.873602	-0.509134
5.142095	-1.332894
4.651502	-0.364704
0.013234	-0.318340
4.488696	-0.981920
-2.368709	-3.874289
4.570931	0.128638
0.434262	1.430900
5.106653	0.902192
4.279637	-0.570496
4.975021	0.677181
4.023104	-0.767376
0.540285	0.542632
6.043203	0.043398
6.213750	1.021987
3.478831	-0.100879
4.087342	0.281834
1.523914	0.075158
4.154049	-0.238501
0.171579	0.133375
3.592242	1.361944
-0.065718	-1.924821
-1.295754	-1.572026
0.633108	1.395856
3.707344	0.103151
1.253150	-1.163095
3.777562	-0.061155
1.656930	1.655602
6.546173	-0.477227
0.397629	1.217440
1.130381	0.011869
2.789779	-0.654039
1.953364	-0.382822
4.528690	1.612292
1.182914	-0.283387
6.635208	1.998612
2.918961	0.829063
5.256685	-1.253257
5.414540	1.073991
4.437125	-1.698703
3.969246	0.166658
1.188730	1.720833
5.297644	-0.924594
4.132977	0.441654
2.258192	0.931012
2.710637	0.020063
5.342694	0.526727
3.825708	1.259393
5.844686	0.975993
4.575773	1.582610
-1.286194	-3.697466
0.545828	1.455240
3.893819	-0.240351
3.226240	-0.244537
0.490114	0.969016
0.908073	-2.504367
6.297103	-1.250333
3.335971	-0.526428
6.138322	0.149577
1.539914	0.943455
4.215383	2.054335
6.750384	-0.183080
3.340085	1.152208
4.504382	0.774017
4.732554	-1.305965
6.458467	-0.610809
5.725794	-0.461479
5.659112	0.678762
5.441112	-1.156966
4.682488	0.527654
3.797531	-0.282404
0.141552	1.036088
4.499131	0.915101
1.814841	1.343043
3.261406	1.049219
-0.225771	-1.389474
-1.341661	-2.714920
4.654296	1.657400
1.764201	0.682204
5.408427	0.951671
4.712436	-1.414048
1.408792	0.958781
3.788705	1.323986
4.452757	0.678986
2.364812	1.080665
5.197710	-0.584285
3.781334	-0.438448
0.707816	0.213156
4.334093	1.007732
0.115897	-0.088620
4.598616	-1.246752
3.681035	-1.044195
-1.926364	-2.707859
5.249904	-1.526039
-0.113336	2.009842
-0.412020	-3.852462
0.107822	-2.516247
0.733438	0.313704
0.245222	-0.739372
4.181572	0.106093
0.386066	-2.552790
5.105885	-0.249012
4.934409	-0.785653
5.293250	-0.778298
1.823349	0.539408
3.966624	1.446662
-0.579605	-0.593557
3.011198	-0.463836
4.905735	-1.007377
2.354438	1.307559
-0.476077	-2.306818
0.445269	-2.206811
4.881072	-0.133213
4.318028	-0.464389
3.608857	1.846724
3.653837	-0.377660
1.016588	2.463954
5.132189	1.224225
4.258558	-0.184829
-0.349241	-1.860138
-1.081374	-2.397654
4.737899	1.499336
3.835687	-1.238813
5.681301	-0.694574
5.018181	0.387222
-0.247825	1.343389
3.901827	2.056247
1.954250	0.704478
3.203227	1.030891
4.580596	-0.444408
5.094511	1.013355
3.775019	0.173796
-0.074585	-1.873112
4.998863	0.091703
3.055962	-0.230565
7.691882	-0.854669
5.878736	0.606348
4.506228	0.974865
0.812423	-1.116641
3.989890	-1.313802
1.844731	-0.090661
3.207628	0.984109
5.337742	-0.218102
4.120025	0.675802
5.267292	0.036623
-1.315723	-2.204560
6.426844	-0.418538
6.180286	-0.525200
6.319020	-0.936500
5.382374	-0.032180
2.720474	-0.492708
0.952734	1.648029
0.618322	-3.748282
4.948402	-1.624292
-1.122733	-3.587576
-0.633100	-1.122392
1.872952	0.441366
4.318524	1.497906
5.090985	0.301738
2.310296	1.731699
5.569151	0.009765
5.138128	-1.413207
5.063221	-1.059998
4.970508	0.478427
3.971091	-0.513646
4.268844	-0.425115
6.312224	1.361711
0.711778	1.647881
4.897321	1.065061
6.042995	-0.147273
2.126208	-0.187096
0.326348	0.289843
-2.255536	-2.624812
0.907887	0.033740
5.954687	-0.996236
3.165420	-0.519760
4.198878	-0.581287
4.948066	-1.041090
4.932311	1.777912
0.636797	0.057068
2.917678	-0.564110
4.957940	-1.435249
1.112790	0.430863
0.929619	0.412180
4.670212	0.744153
3.662400	1.569853
5.762181	1.275297
1.111181	1.906658
1.912224	0.797623
5.840645	-1.327110
-1.416464	-3.935939
5.016425	0.680993
-1.777194	-2.005602
4.055231	0.807156
1.143486	0.658997
5.399893	0.037361
4.646099	-1.711574
4.333503	0.617613
-2.186781	-1.488266
4.390718	0.975335
-1.130859	2.180967
1.390775	0.438438
0.759347	2.032289
0.417943	1.045522
1.429691	0.904557
5.209629	-0.117177
0.858239	2.464935
-0.572140	2.532943
7.010997	-1.602829
4.938478	2.008319
0.980508	0.879017
6.506063	0.173338
0.346926	-2.881567
0.247995	0.305202
4.506450	0.096876
0.005880	-1.879397
-0.399706	-0.146198
0.658592	-2.262360
3.947486	0.675292
6.820668	-0.352033
0.825162	-0.118752
5.064658	0.701701
3.788022	0.288522
5.240841	-1.021481
-2.839652	-0.653317
3.659190	0.281585
5.460461	-0.318897
3.242140	-0.543101
4.075434	0.847207
5.296186	-0.557790
-0.435864	0.100738
-0.931003	-2.899875
-1.014241	1.880989
4.711827	0.188921
1.557476	0.520396
3.813612	1.551551
-2.416779	-1.948916
1.785773	-0.186012
-1.585987	-3.530613
4.350550	0.171886
3.765162	0.381145
-0.331644	1.410089
4.497979	-1.973665
4.237680	-0.786877
0.304868	0.142077
4.546782	-0.021443
5.458437	1.153531
4.910776	0.421520
4.963328	-0.448138
2.674220	1.510664
-0.792299	-1.404471
0.636267	1.110099
2.942450	-0.152471
6.861457	-1.290734
2.188441	-0.141887
3.463633	-2.062270
6.713272	-1.301280
4.942074	-3.142233
4.637031	0.837139
5.518219	-1.383212
0.449444	0.137168
4.988594	0.189934
4.528423	0.767251
5.040932	-0.031628
5.548201	-0.912737
3.871646	-0.997929
-0.074063	1.881385
5.558679	0.561654
4.045166	-0.307148
4.816820	1.699726
6.325582	-0.583424
2.259154	-1.254518
-0.159867	-2.638861
0.423696	-1.533670
-2.759969	-3.116008
5.334382	-0.720274
-1.164177	-2.405338
1.649297	-2.783329
5.675849	0.969013
0.238859	-0.354256
3.092805	0.913592
1.337549	0.670334
6.050797	0.617804
4.543628	-0.508254
-0.569266	-1.225521
0.551819	-0.427816
5.473797	0.581672
5.222557	-2.784688
3.434179	-0.249129
5.801372	0.779732
3.919001	0.233382
1.846304	0.471519
1.322415	1.869523
4.201193	0.760986
2.371783	-0.810689
5.595188	0.373618
3.461316	0.949977
-1.853083	-2.846257
4.878202	0.604849
6.740927	-0.921008
6.110074	0.917291
4.562876	0.592815
0.068412	0.287974
3.845906	0.194135
4.910205	-0.331970
4.456294	-0.292901
3.442389	-1.329034
3.863637	-0.621190
2.412749	-0.058486
-2.078040	1.598121
0.060912	0.937719
-1.989839	-1.699668
4.041380	2.115468
0.765272	2.609235
2.287352	2.157362
4.439380	-0.351861
3.618330	0.282999
2.687893	-3.102114
5.206488	-1.212024
6.668059	-0.368739
0.794611	0.715192
4.185374	1.259221
4.609529	0.577317
0.500348	1.726482
1.346404	-0.560380
3.185752	1.375174
5.291252	-1.465356
0.228091	2.024059
0.860752	0.445696
-0.055537	-2.589506
2.126718	1.623263
4.072121	-0.161812
5.299680	0.525438
-0.717554	-1.575481
3.990507	-1.460937
0.239667	-3.256476
5.612339	-0.977840
2.315361	1.410555
4.640907	-0.495966
4.621981	-2.059396
4.412947	-0.954813
1.652900	0.898290
3.254639	-0.457621
0.303774	-1.010926
2.050047	1.224365
3.337458	0.040522
1.550489	2.989669
4.831180	0.322808
1.691150	-1.846076
6.219853	-0.739494
5.148410	-0.415435
5.835286	-1.341395
3.795676	-0.366941
0.098174	-0.412793
4.974541	0.591610
4.186598	0.421983
-1.729835	-2.416699
-0.812175	-2.231949
4.597038	-0.938057
6.139061	-1.054001
1.230496	-0.623737
-0.607585	0.777276
6.479268	-0.672258
0.971295	0.969661
0.988328	1.047206
5.198137	0.690702
4.256133	-1.080474
5.023462	0.600801
5.941274	1.176105
5.976070	0.853295
0.225040	0.900197
1.513139	0.510242
-0.475427	-1.700272
-0.857360	-0.256864
0.572978	-0.185198
3.266495	0.701406
0.182406	-1.436059
3.740214	-1.388106
7.099328	0.126848
-0.124076	1.209114
0.649666	0.076167
5.853021	1.200813
4.730358	-1.400840
5.826249	-1.814283
3.333106	0.792529
5.848165	-1.049660
4.842859	-0.327979
4.476046	-0.741328
-0.112061	-0.621367
5.149840	0.941436
5.012494	-0.270072
6.363004	1.733336
-0.295760	2.728741
6.547824	-1.677420
5.303764	1.061540
-0.041427	-3.347239
2.840329	-1.192759
5.695210	1.658075
-1.355316	-2.126697
-0.634769	-1.515053
4.877711	0.289747
-2.074772	-1.332390
2.564706	0.727295
4.250063	0.942291
-1.030742	-2.217527
4.651541	1.317798
4.706050	-0.257359
1.551269	0.881733
7.078113	1.242703
-0.828122	-3.229581
0.214207	2.783678
5.851927	1.472171
5.197069	-1.272607
1.840431	-2.097391
3.860757	-0.679090
3.492125	-1.209352
4.303799	0.907094
1.813140	0.710152
2.104619	-0.110497
5.945073	0.215524
-0.683111	-3.211156
1.379472	0.397047
4.060758	0.479200
1.387732	2.943456
4.186769	0.478306
0.628219	1.321635
0.708602	-0.611028
2.034113	0.123875
3.482850	1.419179
0.400221	2.023027
3.377755	0.033334
0.235012	-2.042095
4.828458	-0.187087
4.331902	0.883236
-0.197642	1.231604
-1.766434	1.103954
0.738486	1.504732
-2.012175	-1.942706
2.953365	1.356989
0.739142	0.239736
-0.843388	-2.467541
-0.065830	-3.431003
-1.224222	-2.758601
0.938785	0.414632
5.783861	0.954099
5.490051	-0.260269
4.268603	-0.673557
7.031956	0.086509
4.473129	0.063505
4.038708	0.298801
5.121251	-2.331651
4.099777	0.663783
0.750465	1.842178
5.833315	1.745035
5.879765	-0.146186
4.559841	-0.765806
0.958139	-0.360438
3.764111	0.198953
-2.392307	-2.629917
0.647962	1.642011
1.284311	0.871717
0.514773	-0.980842
0.707006	-2.670638
5.298368	-1.377662
4.017764	0.334685
5.078778	-0.517145
-0.588772	-2.596399
5.707888	1.671518
-1.166797	-1.144087
6.728068	-1.909950
4.704703	2.583847
-0.713401	-2.429142
5.691877	0.060644
5.546475	-0.067733
3.166314	-0.585801
5.492957	-0.406759
2.077247	-0.802543
-1.015499	-2.682257
4.069853	-1.045509
3.408495	0.220829
-0.259242	-2.416477
0.349581	-0.712459
5.620010	-2.364340
2.446544	-1.129670
-1.934718	-0.668132
0.261425	0.963494
4.724804	1.878639
0.604447	3.010787
6.238312	-1.905425
-1.332793	-1.570109
6.121913	-1.194776
1.169144	-2.254284
2.245772	1.182154
0.574058	0.316404
-0.833116	-2.443499
4.524606	-1.619262
4.573280	0.817810
0.157986	-1.411907
-0.224506	0.905531
-0.063855	-1.553475
-1.277603	-0.701261
-0.433920	-2.185892
0.937229	1.301024
-0.083273	1.658847
3.495722	1.592996
4.825281	0.034882
4.858936	-0.598484
6.246699	0.429956
3.925090	0.194697
4.725416	-0.193339
6.521130	-1.473834
0.640280	2.857804
4.097596	-0.399716
0.704317	-2.846523
4.723426	-0.357361
2.581588	-0.292769
0.230167	-0.913955
0.138393	0.894422
3.027752	0.712397
5.448399	0.072182
3.794423	-0.162118
2.744693	1.350602
4.157013	-0.294244
0.411519	-1.092365
4.411009	-1.154834
4.626213	0.655579
5.860818	-2.673157
0.487176	-2.238330
1.437010	1.133703
4.316481	0.104570
5.185102	0.932884
6.057502	0.466831
3.079516	-0.311659
4.760015	1.767183
0.511568	-0.383785
0.793810	0.372090
-0.338934	-2.227255
4.718811	0.393406
3.586161	0.205625
0.032135	-2.259251
0.533744	1.526532
4.825075	-0.382874
4.840547	-1.664896
0.492382	-1.147495
-0.568862	-1.478384
0.917382	1.100028
4.562762	0.978231
-0.184596	0.932854
4.336515	0.394969
1.520963	1.583545
5.011774	0.077228
-0.322379	-3.144936
0.743005	0.881304
4.248711	-1.168149
2.508927	-1.301426
2.905748	1.580505
5.415153	-0.527653
2.813011	1.032846
3.827159	-0.514709
4.079524	-0.012202
6.013364	0.662677
-0.069906	-1.813685
2.910751	1.910903
4.489184	0.827070
5.471649	-0.077969
6.910161	0.049514
6.086633	2.074874
5.872789	0.098660
-1.108235	-1.077137
3.358816	-0.264206
-2.115957	-2.046399
4.035863	-0.379438
4.109331	0.017333
-1.738833	-2.758620
6.001527	-0.816965
2.978085	-1.768253
1.165210	1.034024
-0.429745	-2.229385
5.096294	-0.906005
5.058129	-0.999900
-1.646795	-3.606437
4.738650	1.558958
4.398162	-0.132113
3.391915	0.390018
4.224708	-0.421845
4.849497	0.942251
0.171154	-3.525048
-0.794447	-0.832773
3.638461	0.308509
3.781127	-1.170762
4.598582	1.893297
0.574356	0.617617
4.558667	-0.976469
2.787381	0.493568
5.661697	0.053150
4.413142	0.393056
4.022474	-1.732054
4.834571	0.454380
4.463864	-0.207461
5.098940	-0.513186
4.484464	-1.193201
4.838499	-0.410657
6.311337	-1.569865
6.634579	0.578463
4.221590	-0.058050
3.750332	-0.657724
4.311556	0.974224
5.631930	1.205426
5.483464	0.274976
1.040911	0.908232
1.339509	0.825946
5.755852	1.314827
1.520277	1.125015
-0.318882	-2.043240
2.439538	1.579589
4.650720	1.232148
5.450329	-1.875678
1.144491	0.536010
3.914268	1.238903
-0.823124	-2.794062
5.127533	-0.644379
4.442043	2.160546
4.964959	0.128001
-3.491490	-3.089905
-1.223810	-1.761552
4.449024	-0.484948
1.037781	-0.067913
1.035991	0.650199
1.240304	2.817232
6.120306	-0.677612
1.140466	0.307456
-0.865233	-3.246172
1.144136	-1.132990
0.620279	-2.318829
0.475544	1.909277
3.943072	0.559210
5.540005	-0.557168
3.578392	-0.984087
-1.616372	2.406261
4.513912	-0.740100
0.187825	-1.851799
0.511344	2.589258
0.234171	2.584463
-0.182177	2.271951
-1.267661	-2.423506
4.793295	-1.410837
-0.275072	0.190215
4.483419	-0.904538
6.913925	-1.438076
4.840560	-1.449148
4.846628	0.440801
0.520885	0.969977
0.822259	0.512902
2.326514	-0.140751
5.022349	-1.469801
-0.623398	3.359394
5.066996	0.657257
